100
0.0 62.5 10.1
60.0 122.3 5.5
30.0 160.7 7.8
40.3 180.2 6.3
25.2 132.3 9.2
0.0 62.5 10.1
60.0 122.3 5.5
30.0 160.7 7.8
40.3 180.2 6.3
25.2 132.3 9.2
0.0 62.5 10.1
60.0 122.3 5.5
30.0 160.7 7.8
40.3 180.2 6.3
25.2 132.3 9.2
0.0 62.5 10.1
60.0 122.3 5.5
30.0 160.7 7.8
40.3 180.2 6.3
25.2 132.3 9.2
3.0 62.5 10.1
60.0 122.3 5.5
30.0 160.7 7.8
40.3 180.2 6.3
25.2 132.3 9.2
0.0 62.5 10.1
60.0 122.3 5.5
30.0 160.7 7.8
40.3 180.2 6.3
25.2 132.3 9.2
10.0 62.5 10.1
60.0 122.3 5.5
30.0 160.7 7.8
40.3 180.2 6.3
25.2 132.3 9.2
0.0 62.5 10.1
60.0 122.3 5.5
30.0 160.7 7.8
40.3 180.2 6.3
25.2 132.3 9.2
0.0 62.5 10.1
60.0 122.3 5.5
30.0 160.7 7.8
40.3 180.2 6.3
25.2 132.3 9.2
0.0 62.5 10.1
60.0 122.3 5.5
30.0 160.7 7.8
40.3 180.2 6.3
25.2 132.3 9.2
0.0 62.5 10.1
60.0 122.3 5.5
30.0 160.7 7.8
40.3 180.2 6.3
25.2 132.3 9.2
0.0 62.5 10.1
60.0 122.3 5.5
30.0 160.7 7.8
40.3 180.2 6.3
25.2 132.3 9.2
0.0 62.5 10.1
60.0 122.3 5.5
30.0 160.7 7.8
40.3 180.2 6.3
25.2 132.3 9.2
0.0 62.5 10.1
60.0 122.3 5.5
30.0 160.7 7.8
40.3 180.2 6.3
25.2 132.3 9.2
0.0 62.5 10.1
60.0 122.3 5.5
30.0 160.7 7.8
40.3 180.2 6.3
25.2 132.3 9.2
0.0 62.5 10.1
60.0 122.3 5.5
30.0 160.7 7.8
40.3 180.2 6.3
25.2 132.3 9.2
0.0 62.5 10.1
60.0 122.3 5.5
30.0 160.7 7.8
40.3 180.2 6.3
25.2 132.3 9.2
0.0 62.5 10.1
60.0 122.3 5.5
30.0 160.7 7.8
40.3 180.2 6.3
25.2 132.3 9.2
0.0 62.5 10.1
60.0 122.3 5.5
30.0 160.7 7.8
40.3 180.2 6.3
25.2 132.3 9.2
0.0 62.5 10.1
60.0 122.3 5.5
30.0 160.7 7.8
40.3 180.2 6.3
25.2 132.3 9.2
